1 0.80078125 0.303125 0.0796875 0.1984375
1 0.5296875 0.38359375 0.15625 0.3140625
1 0.5125 0.0578125 0.0515625 0.109375
1 0.66953125 0.05625 0.0578125 0.10703125
1 0.37265625 0.1796875 0.06875 0.1515625
1 0.61171875 0.15859375 0.0828125 0.178125
1 0.86953125 0.1484375 0.096875 0.1859375
1 0.871875 0.76171875 0.09609375 0.1875
0 0.68125 0.45703125 0.11640625 0.2859375
0 0.46171875 0.09609375 0.0703125 0.153125
0 0.3265625 0.221875 0.08359375 0.18359375
0 0.1421875 0.20703125 0.14609375 0.29453125
0 0.2828125 0.628125 0.15546875 0.36796875