0 0.5015625 0.08203125 0.103125 0.16328125
1 0.35625 0.59140625 0.12734375 0.2890625
0 0.85078125 0.06875 0.0796875 0.1234375
0 0.075 0.2703125 0.10546875 0.18984375
1 0.2515625 0.2296875 0.09765625 0.1703125
1 0.028125 0.0703125 0.05234375 0.13046875
1 0.15 0.1109375 0.08203125 0.15625
1 0.26640625 0.0796875 0.09609375 0.1359375
1 0.428125 0.221875 0.09765625 0.16484375
1 0.37734375 0.08984375 0.1 0.16171875
1 0.915625 0.09296875 0.08359375 0.17578125
1 0.76875 0.09296875 0.084375 0.16484375
1 0.63984375 0.59375 0.15859375 0.3046875
1 0.78671875 0.42109375 0.1140625 0.25078125
1 0.93359375 0.4296875 0.125 0.25703125
0 0.25234375 0.73125 0.1265625 0.25234375
0 0.18515625 0.446875 0.11484375 0.25390625
0 0.515625 0.2875 0.1171875 0.25546875
0 0.32265625 0.375 0.12734375 0.25234375
0 0.7875 0.7921875 0.18203125 0.38125