0 0.21015625 0.0375 0.0328125 0.075
0 0.44296875 0.0609375 0.046875 0.09453125
0 0.5984375 0.0328125 0.03125 0.053125
0 0.54375 0.05234375 0.03515625 0.06484375
0 0.73828125 0.078125 0.053125 0.13203125
0 0.76875 0.12421875 0.0546875 0.1421875
0 0.83046875 0.5828125 0.12109375 0.2609375
0 0.659375 0.4765625 0.08359375 0.2171875
0 0.58203125 0.2875 0.07734375 0.17578125
0 0.4578125 0.2359375 0.06875 0.16796875
0 0.43203125 0.38671875 0.08203125 0.1875
0 0.34609375 0.22109375 0.07734375 0.1703125
0 0.18671875 0.134375 0.0515625 0.1265625
0 0.14609375 0.04453125 0.04765625 0.07734375
1 0.2515625 0.11953125 0.04375 0.10078125