0 0.22734375 0.2890625 0.0328125 0.078125
0 0.0671875 0.2546875 0.046875 0.11015625
0 0.1109375 0.25390625 0.046875 0.1125
0 0.18359375 0.228125 0.05703125 0.1234375
0 0.28828125 0.2125 0.04609375 0.125
0 0.33984375 0.2078125 0.053125 0.12890625
0 0.4703125 0.14296875 0.06953125 0.15234375
0 0.58046875 0.1171875 0.07890625 0.1796875
0 0.62265625 0.30625 0.04921875 0.10859375
0 0.73046875 0.31796875 0.05703125 0.103125
0 0.97109375 0.2375 0.05390625 0.10859375
0 0.8671875 0.09609375 0.084375 0.17421875