0 0.046875 0.1421875 0.0578125 0.14375
0 0.56171875 0.87578125 0.11953125 0.2421875
0 0.3265625 0.11328125 0.07890625 0.146875
0 0.684375 0.315625 0.1296875 0.24296875
0 0.9125 0.21640625 0.0515625 0.09453125
1 0.3671875 0.53046875 0.09140625 0.2171875
0 0.5765625 0.2890625 0.12421875 0.20078125
0 0.07578125 0.30546875 0.06796875 0.16875
1 0.92890625 0.80625 0.1171875 0.19453125
0 0.2015625 0.3234375 0.08046875 0.12578125
0 0.1234375 0.78203125 0.1359375 0.24765625
0 0.84375 0.296875 0.0609375 0.1875
0 0.509375 0.10234375 0.04140625 0.08125
0 0.58359375 0.16796875 0.0546875 0.078125
0 0.2625 0.18125 0.06015625 0.0859375