0 0.953125 0.1421875 0.0578125 0.14375
0 0.43828125 0.87578125 0.11953125 0.2421875
0 0.6734375 0.11328125 0.07890625 0.146875
0 0.315625 0.315625 0.1296875 0.24296875
0 0.0875 0.21640625 0.0515625 0.09453125
1 0.6328125 0.53046875 0.09140625 0.2171875
0 0.4234375 0.2890625 0.12421875 0.20078125
0 0.92421875 0.30546875 0.06796875 0.16875
1 0.07109375 0.80625 0.1171875 0.19453125
0 0.7984375 0.3234375 0.08046875 0.12578125
0 0.8765625 0.78203125 0.1359375 0.24765625
0 0.15625 0.296875 0.0609375 0.1875
0 0.490625 0.10234375 0.04140625 0.08125
0 0.41640625 0.16796875 0.0546875 0.078125
0 0.7375 0.18125 0.06015625 0.0859375