0 0.4734375 0.2796875 0.04140625 0.09375
0 0.38828125 0.328125 0.03515625 0.0796875
0 0.603125 0.34296875 0.03359375 0.07109375
0 0.18046875 0.28671875 0.01953125 0.034375
1 0.340625 0.28984375 0.025 0.0484375
0 0.5421875 0.3078125 0.04453125 0.078125
0 0.7296875 0.35703125 0.04140625 0.0796875
1 0.28203125 0.29921875 0.03125 0.05234375
1 0.9171875 0.30234375 0.03125 0.06484375
1 0.25078125 0.3125 0.015625 0.0328125
1 0.49296875 0.3015625 0.01953125 0.0515625
1 0.5765625 0.33828125 0.01640625 0.03984375
1 0.76796875 0.3390625 0.01796875 0.0828125
1 0.79296875 0.284375 0.01796875 0.0625
1 0.06640625 0.2359375 0.0234375 0.053125
1 0.96796875 0.5015625 0.0328125 0.10234375