1 0.2 0.19765625 0.03984375 0.09921875
0 0.05546875 0.41015625 0.1109375 0.15
0 0.55 0.1703125 0.0390625 0.075
0 0.89140625 0.23828125 0.06953125 0.246875
0 0.71640625 0.44921875 0.0515625 0.1109375
0 0.32578125 0.259375 0.03828125 0.0921875
0 0.3796875 0.2171875 0.025 0.059375
0 0.290625 0.21171875 0.01640625 0.059375
0 0.43046875 0.73515625 0.121875 0.103125
0 0.63046875 0.2640625 0.03359375 0.08203125
0 0.68828125 0.17109375 0.0390625 0.109375
0 0.41953125 0.28984375 0.02734375 0.08203125
1 0.825 0.28828125 0.0515625 0.0921875