1 0.8 0.19765625 0.03984375 0.09921875
0 0.94453125 0.41015625 0.1109375 0.15
0 0.45 0.1703125 0.0390625 0.075
0 0.10859375 0.23828125 0.06953125 0.246875
0 0.28359375 0.44921875 0.0515625 0.1109375
0 0.67421875 0.259375 0.03828125 0.0921875
0 0.6203125 0.2171875 0.025 0.059375
0 0.709375 0.21171875 0.01640625 0.059375
0 0.56953125 0.73515625 0.121875 0.103125
0 0.36953125 0.2640625 0.03359375 0.08203125
0 0.31171875 0.17109375 0.0390625 0.109375
0 0.58046875 0.28984375 0.02734375 0.08203125
1 0.175 0.28828125 0.0515625 0.0921875