1 0.29921875 0.1453125 0.06953125 0.15234375
1 0.11484375 0.1890625 0.071875 0.16484375
1 0.0375 0.3359375 0.06171875 0.20546875
1 0.39375 0.62890625 0.1296875 0.25078125
1 0.365625 0.4703125 0.11328125 0.20859375
1 0.4515625 0.2984375 0.078125 0.20546875
1 0.5125 0.24140625 0.07734375 0.190625
1 0.74609375 0.24609375 0.0875 0.20390625
1 0.86875 0.28046875 0.08828125 0.1828125
1 0.80703125 0.36875 0.08828125 0.2328125
1 0.80546875 0.57578125 0.10546875 0.20703125
1 0.6625 0.5234375 0.10859375 0.25703125
0 0.1390625 0.60078125 0.140625 0.29921875
0 0.56015625 0.5140625 0.115625 0.2796875