0 0.21328125 0.12421875 0.053125 0.1
0 0.49296875 0.2171875 0.04296875 0.16796875
0 0.6703125 0.16640625 0.10234375 0.28671875
0 0.77421875 0.1125 0.15625 0.21953125
0 0.60859375 0.22421875 0.06484375 0.21328125
0 0.5484375 0.1875 0.078125 0.20703125
0 0.0515625 0.21875 0.04296875 0.121875
0 0.18125 0.1984375 0.05 0.13671875
0 0.13046875 0.1875 0.08984375 0.165625
0 0.23984375 0.20703125 0.08671875 0.17421875
0 0.3453125 0.13046875 0.084375 0.17890625
0 0.3203125 0.25703125 0.09453125 0.2125
0 0.3 0.54296875 0.10859375 0.2296875