0 0.4734375 0.15078125 0.0578125 0.0765625
1 0.31796875 0.19296875 0.065625 0.12265625
0 0.1859375 0.1671875 0.05546875 0.10859375
1 0.128125 0.4125 0.059375 0.15
0 0.06328125 0.40625 0.1203125 0.23671875
0 0.19765625 0.309375 0.07890625 0.17109375
0 0.2921875 0.34765625 0.1 0.18671875
0 0.4140625 0.32265625 0.08359375 0.15234375
0 0.47890625 0.25234375 0.0578125 0.1265625
0 0.5015625 0.2109375 0.05703125 0.09453125
0 0.54296875 0.2234375 0.03828125 0.090625
0 0.58671875 0.21328125 0.06328125 0.11796875
0 0.73046875 0.23203125 0.06484375 0.10625
0 0.8109375 0.234375 0.05703125 0.0921875
0 0.95625 0.25859375 0.07734375 0.1359375