0 0.60234375 0.3484375 0.084375 0.13203125
0 0.828125 0.38359375 0.14453125 0.25625
0 0.11328125 0.44296875 0.11328125 0.1796875
0 0.1859375 0.11171875 0.0234375 0.06484375
1 0.3515625 0.11875 0.06640625 0.103125
0 0.1328125 0.1203125 0.05078125 0.09375
0 0.5640625 0.2015625 0.06640625 0.1203125
1 0.2578125 0.203125 0.0625 0.1
0 0.921875 0.221875 0.08984375 0.1734375
0 0.4734375 0.225 0.13125 0.26796875
0 0.11328125 0.2296875 0.05859375 0.09375
0 0.32421875 0.26171875 0.07421875 0.13515625
0 0.18828125 0.2703125 0.084375 0.146875
0 0.54609375 0.28359375 0.0640625 0.1265625