1 0.26171875 0.19296875 0.0703125 0.1265625
1 0.35546875 0.11171875 0.07421875 0.1234375
0 0.5640625 0.2015625 0.06640625 0.1203125
0 0.55 0.2765625 0.0875 0.153125
0 0.60625 0.321875 0.1109375 0.1796875
0 0.321875 0.253125 0.0859375 0.146875
0 0.13359375 0.11171875 0.06875 0.11171875
0 0.11640625 0.21015625 0.0640625 0.14375
0 0.1984375 0.2484375 0.103125 0.16796875
0 0.1125 0.4015625 0.15 0.24375
0 0.4625 0.225 0.15234375 0.26796875
0 0.9171875 0.19375 0.11875 0.2296875
0 0.8171875 0.3515625 0.18125 0.29140625