1 0.19296875 0.2 0.0515625 0.09609375
0 0.9234375 0.19453125 0.075 0.171875
0 0.83359375 0.253125 0.078125 0.16171875
0 0.7078125 0.1671875 0.05546875 0.1046875
0 0.640625 0.15078125 0.06796875 0.1421875
0 0.53203125 0.21484375 0.059375 0.1203125
0 0.38984375 0.2515625 0.0453125 0.11640625
0 0.05859375 0.19140625 0.06640625 0.14453125
0 0.11953125 0.1703125 0.06875 0.140625
0 0.24453125 0.1828125 0.06953125 0.14765625
0 0.29609375 0.28359375 0.09140625 0.20078125
0 0.34453125 0.259375 0.08203125 0.19765625
0 0.43046875 0.2109375 0.06015625 0.153125
0 0.5953125 0.22265625 0.05859375 0.12734375
0 0.659375 0.24609375 0.08359375 0.14296875
0 0.56171875 0.4484375 0.09140625 0.1546875
0 0.48203125 0.20234375 0.06171875 0.1375