0 0.16328125 0.15625 0.03984375 0.0890625
0 0.371875 0.1609375 0.06953125 0.121875
0 0.8875 0.2078125 0.04765625 0.1
0 0.04296875 0.2140625 0.0734375 0.1703125
0 0.98203125 0.24296875 0.03515625 0.125
0 0.54140625 0.275 0.0484375 0.09765625
0 0.24921875 0.3140625 0.09140625 0.175
0 0.58515625 0.33828125 0.04140625 0.1234375
0 0.8125 0.34140625 0.075 0.1734375
0 0.66484375 0.415625 0.19296875 0.38125
0 0.87109375 0.4390625 0.11875 0.23671875
0 0.39296875 0.44140625 0.12265625 0.24609375
0 0.4953125 0.0890625 0.03515625 0.06875
0 0.24765625 0.1296875 0.034375 0.0703125
0 0.8125 0.13515625 0.06875 0.13359375